0.0
1.5,-0.25,-0.25,-0.25,-0.25,0.0,
-0.25,3.5,-0.25,-0.25,0.0,-0.25,
-0.25,-0.25,5.5,0.0,-0.25,-0.25,
-0.25,-0.25,0.0,5.5,-0.25,-0.25,
-0.25,0.0,-0.25,-0.25,7.5,-0.25,
0.0,-0.25,-0.25,-0.25,-0.25,9.5,

0.1
1.4368482891332455,-0.19149147061011113,-0.0525494057894417,-0.05254940578944171,-0.008058105500668713,-9.260366135364009e-06,
-0.19149147061011113,3.4765431950687886,-0.16035151361764538,-0.16035151361764552,0.0008699411724017885,-0.004884878194807685,
-0.0525494057894417,-0.16035151361764538,5.5017263233667935,0.0017263233667947487,-0.1684710844112751,-0.04551890700364031,
-0.05254940578944171,-0.16035151361764552,0.0017263233667947487,5.501726323366792,-0.16847108441127498,-0.04551890700364027,
-0.008058105500668713,0.0008699411724017885,-0.1684710844112751,-0.16847108441127498,7.530607293673136,-0.14258474387959943,
-9.260366135364009e-06,-0.004884878194807685,-0.04551890700364031,-0.04551890700364027,-0.14258474387959943,9.552548575391237,

0.2
1.4250497763003143,-0.12936572433821952,-0.010123455778728968,-0.010123455778728984,-0.0004218097197489299,-4.2780267198544246e-06,
-0.12936572433821952,3.4730970457945225,-0.10426859679722314,-0.10426859679722329,0.00026479459095273434,6.452914752335816e-05,
-0.010123455778728968,-0.10426859679722314,5.500892965836661,0.0008929658366640951,-0.11259427688865804,-0.008776349183820711,
-0.010123455778728984,-0.10426859679722329,0.0008929658366640951,5.500892965836659,-0.11259427688865792,-0.00877634918382069,
-0.0004218097197489299,0.00026479459095273434,-0.11259427688865804,-0.11259427688865792,7.5411227758224495,-0.091764676730201,
-4.2780267198544246e-06,6.452914752335816e-05,-0.008776349183820711,-0.00877634918382069,-0.091764676730201,9.558944470409383,

0.30000000000000004
1.4203339455357498,-0.0853927003938067,-0.001931235681959545,-0.0019312356819595504,-3.88072703614292e-05,-4.3832250843045136e-07,
-0.0853927003938067,3.471779066070511,-0.068827753280956,-0.06882775328095612,6.733771075900133e-05,2.52352342678055e-05,
-0.001931235681959545,-0.068827753280956,5.500369264721372,0.0003692647213738187,-0.07433951724449576,-0.001699040657322295,
-0.0019312356819595504,-0.06882775328095612,0.0003692647213738187,5.50036926472137,-0.07433951724449557,-0.0016990406573222894,
-3.88072703614292e-05,6.733771075900133e-05,-0.07433951724449576,-0.07433951724449557,7.545860164145739,-0.060712920547470385,
-4.3832250843045136e-07,2.52352342678055e-05,-0.001699040657322295,-0.0016990406573222894,-0.060712920547470385,9.561288294805252,

0.4
1.4183071446806774,-0.056093134697596,-0.0003695303231970544,-0.00036953032319705627,-4.552631174137813e-06,-3.7970140261801413e-08,
-0.056093134697596,3.471186613901944,-0.04556845814897701,-0.04556845814897712,1.87882433830068e-05,3.6734271679253693e-06,
-0.0003695303231970544,-0.04556845814897701,5.500145352251044,0.00014535225104525152,-0.04892044352354172,-0.0003309708450024732,
-0.00036953032319705627,-0.04556845814897712,0.00014535225104525152,5.500145352251042,-0.048920443523541565,-0.00033097084500247184,
-4.552631174137813e-06,1.87882433830068e-05,-0.04892044352354172,-0.048920443523541565,7.547910167815899,-0.04040503431905456,
-3.7970140261801413e-08,3.6734271679253693e-06,-0.0003309708450024732,-0.00033097084500247184,-0.04040503431905456,9.56230536909939,

0.5
1.4174339392625588,-0.03680457181189723,-7.165219272620138e-05,-7.165219272620195e-05,-5.737905297089553e-07,-6.641226273041287e-09,
-0.03680457181189723,3.470911587615966,-0.030184959148031976,-0.030184959148032094,6.15190533963618e-06,4.925781503135262e-07,
-7.165219272620138e-05,-0.030184959148031976,5.500055808716032,5.58087160326269e-05,-0.032160642742198126,-6.558189676315667e-05,
-7.165219272620195e-05,-0.030184959148032094,5.58087160326269e-05,5.50005580871603,-0.032160642742198,-6.558189676315642e-05,
-5.737905297089553e-07,6.15190533963618e-06,-0.032160642742198126,-0.032160642742198,7.548787103834068,-0.026924408621317477,
-6.641226273041287e-09,4.925781503135262e-07,-6.558189676315667e-05,-6.558189676315642e-05,-0.026924408621317477,9.562755751855343,

0.6000000000000001
1.417058086404564,-0.024141261132191925,-1.4331519248766648e-05,-1.4331519248766843e-05,-7.580897492929798e-08,-1.487412088720494e-09,
-0.024141261132191925,3.4707835596619736,-0.019996231886841107,-0.019996231886841204,2.30551667100036e-06,6.752032721934791e-08,
-1.4331519248766648e-05,-0.019996231886841107,5.50002094279896,2.0942798956232936e-05,-0.02113529053588971,-1.3495730497632865e-05,
-1.4331519248766843e-05,-0.019996231886841204,2.0942798956232936e-05,5.500020942798958,-0.021135290535889598,-1.349573049763284e-05,
-7.580897492929798e-08,2.30551667100036e-06,-0.02113529053588971,-0.021135290535889598,7.549160713051817,-0.01794692548143803,
-1.487412088720494e-09,6.752032721934791e-08,-1.3495730497632865e-05,-1.349573049763284e-05,-0.01794692548143803,9.562955755283737,

0.7000000000000001
1.4168963784408022,-0.01583347717479559,-3.0544075939037908e-06,-3.0544075939038606e-06,-1.0900025391542435e-08,2.1991067447200165e-09,
-0.01583347717479559,3.470724129717468,-0.013246635170929312,-0.013246635170929388,9.36408230643691e-07,1.0005263416826452e-08,
-3.0544075939037908e-06,-0.013246635170929312,5.500007642393431,7.642393427173158e-06,-0.013887834920795494,-2.9912124183222353e-06,
-3.0544075939038606e-06,-0.013246635170929388,7.642393427173158e-06,5.500007642393429,-0.013887834920795414,-2.9912124183222454e-06,
-1.0900025391542435e-08,9.36408230643691e-07,-0.013887834920795494,-0.013887834920795414,7.549319585058302,-0.011963827532298781,
2.1991067447200165e-09,1.0005263416826452e-08,-2.9912124183222353e-06,-2.9912124183222454e-06,-0.011963827532298781,9.563044621996577,

0.8
1.4168268169842921,-0.010384318896613813,-7.28408480907167e-07,-7.284084809071934e-07,-1.7197366198778837e-09,-9.607279264661907e-09,
-0.010384318896613813,3.4706966431580812,-0.008775258945790313,-0.008775258945790369,3.9557650607960297e-07,1.6233702560748411e-09,
-7.28408480907167e-07,-0.008775258945790313,5.500002682409674,2.6824096701452285e-06,-0.009125110671426715,-7.506234051168664e-07,
-7.284084809071934e-07,-0.008775258945790369,2.6824096701452285e-06,5.500002682409672,-0.009125110671426656,-7.506234051168755e-07,
-1.7197366198778837e-09,3.9557650607960297e-07,-0.009125110671426715,-0.009125110671426656,7.549387061501375,-0.007975566292567196,
-9.607279264661907e-09,1.6233702560748411e-09,-7.506234051168664e-07,-7.506234051168755e-07,-0.007975566292567196,9.563084113536911,

0.9
1.4167968968711986,-0.006810431166973505,-2.0349165243767536e-07,-2.03491652437686e-07,-3.3430306260040677e-10,-7.903368337419787e-11,
-0.006810431166973505,3.4706839751705667,-0.005813164079486288,-0.00581316407948633,1.7003313862388156e-07,3.277696062210518e-10,
-2.0349165243767536e-07,-0.005813164079486288,5.5000008864996,8.864995958364493e-07,-0.005995602684824069,-2.2154836468683267e-07,
-2.03491652437686e-07,-0.00581316407948633,8.864995958364493e-07,5.500000886499598,-0.005995602684824029,-2.2154836468683656e-07,
-3.3430306260040677e-10,1.7003313862388156e-07,-0.005995602684824069,-0.005995602684824029,7.549415691370425,-0.005316883583736656,
-7.903368337419787e-11,3.277696062210518e-10,-2.2154836468683267e-07,-2.2154836468683656e-07,-0.005316883583736656,9.563101663588617,

1.0
1.4167840265970104,-0.004466507198259849,-6.709915777614562e-08,-6.709915777615053e-08,-7.437625928388298e-11,-1.255673420638447e-09,
-0.004466507198259849,3.4706781548778807,-0.003850908507213245,-0.003850908507213275,7.36245017890889e-08,7.460945158166856e-11,
-6.709915777614562e-08,-0.003850908507213245,5.500000262961653,2.629616488820155e-07,-0.003939333481471804,-7.649925815838891e-08,
-6.709915777615053e-08,-0.003850908507213275,2.629616488820155e-07,5.500000262961652,-0.003939333481471775,-7.649925815839058e-08,
-7.437625928388298e-11,7.36245017890889e-08,-0.003939333481471804,-0.003939333481471775,7.549427828985638,-0.003544486896985263,
-1.255673420638447e-09,7.460945158166856e-11,-7.649925815838891e-08,-7.649925815839058e-08,-0.003544486896985263,9.56310946361617,

1.1
1.4167784913194632,-0.002929285388725124,-2.5123389568555938e-08,-2.5123389568557907e-08,-1.876003900536846e-11,-1.3145522459234353e-11,
-0.002929285388725124,3.4706754886851154,-0.0025510220880801313,-0.002551022088080154,3.197612488928441e-08,1.9337629720995288e-11,
-2.5123389568555938e-08,-0.0025510220880801313,5.500000060520816,6.052081248483504e-08,-0.002588285158788428,-2.9565218699730603e-08,
-2.5123389568557907e-08,-0.002551022088080154,6.052081248483504e-08,5.500000060520814,-0.002588285158788408,-2.9565218699731493e-08,
-1.876003900536846e-11,3.197612488928441e-08,-0.002588285158788428,-0.002588285158788408,7.549432969101739,-0.002362931023620561,
-1.3145522459234353e-11,1.9337629720995288e-11,-2.9565218699730603e-08,-2.9565218699731493e-08,-0.002362931023620561,9.563112929852053,

1.2000000000000002
1.4167761102050214,-0.0019211153206712861,-1.0156750959876755e-08,-1.0156750959877328e-08,-8.097487478118406e-12,4.505221572059349e-09,
-0.0019211153206712861,3.470674270296805,-0.0016899099950614682,-0.0016899099950614842,1.3905742070003863e-08,8.971787722196841e-12,
-1.0156750959876755e-08,-0.0016899099950614682,5.500000002379692,2.3796893348210983e-09,-0.0017005888250992952,-1.2196217579790734e-08,
-1.0156750959877328e-08,-0.0016899099950614842,2.3796893348210983e-09,5.50000000237969,-0.0017005888250992806,-1.219621757979123e-08,
-8.097487478118406e-12,1.3905742070003863e-08,-0.0017005888250992952,-0.0017005888250992806,7.549435144253816,-0.0015752432631521778,
4.505221572059349e-09,8.971787722196841e-12,-1.2196217579790734e-08,-1.219621757979123e-08,-0.0015752432631521778,9.563114470484974,

1.3
1.4167750861074517,-0.0012599227096320314,-4.268509549466429e-09,-4.268509549466778e-09,-2.3759726414211103e-12,2.565922380795729e-09,
-0.0012599227096320314,3.4706737148885245,-0.0011194679780457024,-0.001119467978045714,6.04989790413501e-09,2.6533768131401682e-12,
-4.268509549466429e-09,-0.0011194679780457024,5.499999990135085,-9.864916554709928e-09,-0.0011173393872137777,-5.196643275663268e-09,
-4.268509549466778e-09,-0.001119467978045714,-9.864916554709928e-09,5.499999990135083,-0.001117339387213767,-5.196643275663503e-09,
-2.3759726414211103e-12,6.04989790413501e-09,-0.0011173393872137777,-0.001117339387213767,7.549436063590782,-0.0010501303002244762,
2.565922380795729e-09,2.6533768131401682e-12,-5.196643275663268e-09,-5.196643275663503e-09,-0.0010501303002244762,9.563115155143073,

1.4000000000000001
1.4167746457875485,-0.000826315523073059,-1.8274541502345063e-09,-1.827454150234658e-09,2.006296787607408e-12,-8.358998744917719e-09,
-0.000826315523073059,3.4706734623037048,-0.0007416011479931492,-0.0007416011479931577,2.6330754356438925e-09,-2.3806216861273226e-12,
-1.8274541502345063e-09,-0.0007416011479931492,5.499999990494672,-9.50532948493914e-09,-0.0007341456111413239,-2.248557519095301e-09,
-1.827454150234658e-09,-0.0007416011479931577,-9.50532948493914e-09,5.49999999049467,-0.0007341456111413165,-2.2485575190953945e-09,
2.006296787607408e-12,2.6330754356438925e-09,-0.0007341456111413239,-0.0007341456111413165,7.549436451598898,-0.0007000819971986743,
-8.358998744917719e-09,-2.3806216861273226e-12,-2.248557519095301e-09,-2.2485575190953945e-09,-0.0007000819971986743,9.563115459320505,

1.5
1.4167744563581466,-0.0005419257499399502,-7.887518984663152e-10,-7.887518984663859e-10,-3.441227902376208e-13,1.2738199040717883e-09,
-0.0005419257499399502,3.470673347600968,-0.0004912715216348058,-0.0004912715216348116,1.1459107362993929e-09,3.891986955081114e-13,
-7.887518984663152e-10,-0.0004912715216348058,5.49999999312272,-6.877281347701689e-09,-0.00048235997593651706,-9.794880862558787e-10,
-7.887518984663859e-10,-0.0004912715216348116,-6.877281347701689e-09,5.499999993122718,-0.00048235997593651207,-9.79488086255915e-10,
-3.441227902376208e-13,1.1459107362993929e-09,-0.00048235997593651706,-0.00048235997593651207,7.5494366152653525,-0.00046671044358251985,
1.2738199040717883e-09,3.891986955081114e-13,-9.794880862558787e-10,-9.79488086255915e-10,-0.00046671044358251985,9.56311559453009,

1.6
1.416774374874356,-0.00035541302943472474,-3.417087167924266e-10,-3.4170871679245594e-10,-5.5180284504962945e-14,1.7566709801788555e-10,
-0.00035541302943472474,3.4706732956103905,-0.0003254411825524965,-0.00032544118255250067,4.987498251439189e-10,6.230506762261746e-14,
-3.417087167924266e-10,-0.0003254411825524965,5.499999995342816,-4.6571863828418875e-09,-0.0003169275572963774,-4.2800600267428756e-10,
-3.4170871679245594e-10,-0.00032544118255250067,-4.6571863828418875e-09,5.499999995342814,-0.0003169275572963738,-4.280060026743018e-10,
-5.5180284504962945e-14,4.987498251439189e-10,-0.0003169275572963774,-0.0003169275572963738,7.54943668420484,-0.00031113287189578283,
1.7566709801788555e-10,6.230506762261746e-14,-4.2800600267428756e-10,-4.280060026743018e-10,-0.00031113287189578283,9.563115654624783,

1.7000000000000002
1.4167743398293073,-0.00023309276926379243,-1.4827664676818143e-10,-1.4827664676819596e-10,8.451828227535944e-15,-2.2875281478682562e-10,
-0.00023309276926379243,3.4706732720861355,-0.00021558829216459954,-0.00021558829216460253,2.170834654442876e-10,-9.013856236387595e-15,
-1.4827664676818143e-10,-0.00021558829216459954,5.499999996777739,-3.2222622674904585e-09,-0.00020823350427082258,-1.872793346665553e-10,
-1.4827664676819596e-10,-0.00021558829216460253,-3.2222622674904585e-09,5.4999999967777375,-0.0002082335042708201,-1.872793346665605e-10,
8.451828227535944e-15,2.170834654442876e-10,-0.00020823350427082258,-0.0002082335042708201,7.549436713198565,-0.00020741775774866072,
-2.2875281478682562e-10,-9.013856236387595e-15,-1.872793346665553e-10,-1.872793346665605e-10,-0.00020741775774866072,9.563115681330506,

1.8
1.4167743247628815,-0.0001528742696511136,-6.4379964135463e-11,-6.43799641354694e-11,-2.5343975409582886e-13,4.57189709078778e-09,
-0.0001528742696511136,3.4706732614614566,-0.0001428193526841543,-0.00014281935268415638,9.447865380884129e-11,2.782552200468269e-13,
-6.4379964135463e-11,-0.0001428193526841543,5.499999997606249,-2.3937515079472386e-09,-0.00013682050109474315,-8.198788132027424e-11,
-6.43799641354694e-11,-0.00014281935268415638,-2.3937515079472386e-09,5.499999997606247,-0.00013682050109474145,-8.198788132027749e-11,
-2.5343975409582886e-13,9.447865380884129e-11,-0.00013682050109474315,-0.00013682050109474145,7.549436725368931,-0.00013827849965460437,
4.57189709078778e-09,2.782552200468269e-13,-8.198788132027424e-11,-8.198788132027749e-11,-0.00013827849965460437,9.563115693194225,

1.9000000000000001
1.4167743182797798,-0.00010026057975781555,-2.7963820981527966e-11,-2.7963820981530613e-11,-6.321341149038564e-14,1.7015536418685963e-09,
-0.00010026057975781555,3.470673256665909,-9.461064838381012e-05,-9.461064838381156e-05,4.1122056074619595e-11,6.848013571527442e-14,
-2.7963820981527966e-11,-9.461064838381012e-05,5.499999998055685,-1.9443159060752314e-09,-8.989636403831888e-05,-3.590462722484264e-11,
-2.7963820981530613e-11,-9.461064838381156e-05,-1.9443159060752314e-09,5.499999998055683,-8.989636403831767e-05,-3.5904627224844055e-11,
-6.321341149038564e-14,4.1122056074619595e-11,-8.989636403831888e-05,-8.989636403831767e-05,7.549436730474198,-9.21838751129235e-05,
1.7015536418685963e-09,6.848013571527442e-14,-3.590462722484264e-11,-3.5904627224844055e-11,-9.21838751129235e-05,9.563115698468733,

2.0
1.4167743154936083,-6.575986031228935e-05,-1.216018266129001e-11,-1.2160182661290996e-11,-1.0632577597264697e-14,4.503599307342417e-10,
-6.575986031228935e-05,3.4706732545064973,-6.267941020415569e-05,-6.267941020415667e-05,1.7916494405661835e-11,1.1312203937110023e-14,
-1.216018266129001e-11,-6.267941020415569e-05,5.499999998289873,-1.7101284359986594e-09,-5.907005578672039e-05,-1.5740779391329815e-11,
-1.2160182661290996e-11,-6.267941020415667e-05,-1.7101284359986594e-09,5.499999998289871,-5.907005578671956e-05,-1.5740779391330294e-11,
-1.0632577597264697e-14,1.7916494405661835e-11,-5.907005578672039e-05,-5.907005578671956e-05,7.549436732609064,-6.145899263178689e-05,
4.503599307342417e-10,1.1312203937110023e-14,-1.5740779391329815e-11,-1.5740779391330294e-11,-6.145899263178689e-05,9.563115700811075,

2.1
1.416774314295891,-4.313024244485185e-05,-5.261548097896752e-12,-5.261548097897071e-12,-7.289428418371512e-15,4.510600901213577e-10,
-4.313024244485185e-05,3.4706732535350078,-4.1524181808898446e-05,-4.152418180889911e-05,7.767295605934075e-12,7.650427505971255e-15,
-5.261548097896752e-12,-4.1524181808898446e-05,5.499999998408606,-1.5913940163097305e-09,-3.881353192902516e-05,-6.868487304677242e-12,
-5.261548097897071e-12,-4.152418180889911e-05,-1.5913940163097305e-09,5.4999999984086045,-3.8813531929024613e-05,-6.868487304677269e-12,
-7.289428418371512e-15,7.767295605934075e-12,-3.881353192902516e-05,-3.8813531929024613e-05,7.549436733500302,-4.097394356055422e-05,
4.510600901213577e-10,7.650427505971255e-15,-6.868487304677242e-12,-6.868487304677269e-12,-4.097394356055422e-05,9.563115701851572,

2.2
1.416774313779056,-2.8281215129930653e-05,-2.2883572435384603e-12,-2.2883572435386464e-12,-4.377353239628594e-15,3.8699647065274435e-10,
-2.8281215129930653e-05,3.4706732530970075,-2.75029938167929e-05,-2.750299381679336e-05,3.3842974714114068e-12,4.505466181845138e-15,
-2.2883572435384603e-12,-2.75029938167929e-05,5.49999999846772,-1.5322790330318678e-09,-2.54973767742486e-05,-3.0113072994945325e-12,
-2.2883572435386464e-12,-2.750299381679336e-05,-1.5322790330318678e-09,5.499999998467718,-2.5497376774248218e-05,-3.0113072994946073e-12,
-4.377353239628594e-15,3.3842974714114068e-12,-2.54973767742486e-05,-2.5497376774248218e-05,7.549436733873127,-2.731098589422304e-05,
3.8699647065274435e-10,4.505466181845138e-15,-3.0113072994945325e-12,-3.0113072994946073e-12,-2.731098589422304e-05,9.563115702315356,

2.3000000000000003
1.4167743135583635,-1.8554319920983428e-05,-9.986665889601946e-13,-9.98666588960288e-13,-6.1675899887784415e-15,1.1371283268362438e-09,
-1.8554319920983428e-05,3.4706732529015247,-1.822516759860748e-05,-1.82251675986078e-05,1.4796062243448998e-12,6.107684994652142e-15,
-9.986665889601946e-13,-1.822516759860748e-05,5.499999998496519,-1.5034800940674483e-09,-1.6758504356112776e-05,-1.3247060388952354e-12,
-9.98666588960288e-13,-1.82251675986078e-05,-1.5034800940674483e-09,5.499999998496517,-1.6758504356112515e-05,-1.3247060388952417e-12,
-6.1675899887784415e-15,1.4796062243448998e-12,-1.6758504356112776e-05,-1.6758504356112515e-05,7.549436734026931,-1.821246708391429e-05,
1.1371283268362438e-09,6.107684994652142e-15,-1.3247060388952354e-12,-1.3247060388952417e-12,-1.821246708391429e-05,9.56311570252013,

2.4000000000000004
1.4167743134627335,-1.2166363971887142e-05,-4.3304772333011254e-13,-4.33047723330152e-13,3.5196418383110606e-17,2.307011461561085e-11,
-1.2166363971887142e-05,3.470673252813251,-1.2071188214698442e-05,-1.207118821469866e-05,6.427803253012673e-13,-4.4420003763075174e-17,
-4.3304772333011254e-13,-1.2071188214698442e-05,5.4999999985105035,-1.489495262003828e-09,-1.1008982793118848e-05,-5.791596915240564e-13,
-4.33047723330152e-13,-1.207118821469866e-05,-1.489495262003828e-09,5.499999998510502,-1.1008982793118672e-05,-5.79159691524064e-13,
3.5196418383110606e-17,6.427803253012673e-13,-1.1008982793118848e-05,-1.1008982793118672e-05,7.549436734091252,-1.2139421775786331e-05,
2.307011461561085e-11,-4.4420003763075174e-17,-5.791596915240564e-13,-5.79159691524064e-13,-1.2139421775786331e-05,9.563115702611748,

2.5
1.4167743134218367,-7.98226148518946e-06,-1.899997002295483e-13,-1.89999700229565e-13,6.237029492206254e-16,-2.60424949272991e-10,
-7.98226148518946e-06,3.470673252773878,-7.999375741368054e-06,-7.999375741368204e-06,2.8251092043756003e-13,-6.061179929858519e-16,
-1.899997002295483e-13,-7.999375741368054e-06,5.49999999851717,-1.4828279570505456e-09,-7.2360976325766794e-06,-2.560829431930169e-13,
-1.89999700229565e-13,-7.999375741368204e-06,-1.4828279570505456e-09,5.499999998517168,-7.2360976325765575e-06,-2.5608294319302254e-13,
6.237029492206254e-16,2.8251092043756003e-13,-7.2360976325766794e-06,-7.2360976325765575e-06,7.549436734117682,-8.095465687910784e-06,
-2.60424949272991e-10,-6.061179929858519e-16,-2.560829431930169e-13,-2.5608294319302254e-13,-8.095465687910784e-06,9.563115702652253,

2.6
1.4167743134043975,-5.238023548120703e-06,-7.686810796218718e-14,-7.686810796220722e-14,1.9545841803582243e-14,-1.1987193678704917e-08,
-5.238023548120703e-06,3.4706732527563724,-5.301955652746428e-06,-5.3019556527465315e-06,1.1465183678916127e-13,-1.8692570215441685e-14,
-7.686810796218718e-14,-5.301955652746428e-06,5.499999998520317,-1.4796808823868766e-09,-4.757048606394056e-06,-1.0503587545206087e-13,
-7.686810796220722e-14,-5.3019556527465315e-06,-1.4796808823868766e-09,5.499999998520315,-4.757048606393972e-06,-1.0503587545203415e-13,
1.9545841803582243e-14,1.1465183678916127e-13,-4.757048606394056e-06,-4.757048606393972e-06,7.549436734128468,-5.399553084172048e-06,
-1.1987193678704917e-08,-1.8692570215441685e-14,-1.0503587545206087e-13,-1.0503587545203415e-13,-5.399553084172048e-06,9.563115702670117,

2.7
1.416774313396781,-3.4350769848543834e-06,-3.4368750598536727e-14,-3.4368750598542646e-14,4.2034412896916473e-16,-2.7438938907823624e-10,
-3.4350769848543834e-06,3.4706732527484347,-3.5120873867533574e-06,-3.512087386753429e-06,5.1323812967556465e-14,-3.995102280947173e-16,
-3.4368750598536727e-14,-3.5120873867533574e-06,5.499999998521814,-1.4781821462985928e-09,-3.125376426056623e-06,-4.721807091689883e-14,
-3.4368750598542646e-14,-3.512087386753429e-06,-1.4781821462985928e-09,5.499999998521813,-3.1253764260565644e-06,-4.7218070916894e-14,
4.2034412896916473e-16,5.1323812967556465e-14,-3.125376426056623e-06,-3.1253764260565644e-06,7.549436734132977,-3.5994499896363917e-06,
-2.7438938907823624e-10,-3.995102280947173e-16,-4.721807091689883e-14,-4.7218070916894e-14,-3.5994499896363917e-06,9.563115702678166,

2.8000000000000003
1.4167743133934112,-2.2447589910196483e-06,-1.490056477616473e-14,-1.4900564776171993e-14,-2.656565354949136e-17,1.344265651726977e-11,
-2.2447589910196483e-06,3.4706732527447928,-2.318818861634087e-06,-2.3188188616341357e-06,2.228621226616256e-14,2.5346255151505086e-17,
-1.490056477616473e-14,-2.318818861634087e-06,5.499999998522534,-1.4774631714042957e-09,-2.046215682318277e-06,-2.061518495602378e-14,
-1.4900564776171993e-14,-2.3188188616341357e-06,-1.4774631714042957e-09,5.499999998522532,-2.046215682318237e-06,-2.0615184956041503e-14,
-2.656565354949136e-17,2.2286212266162606e-14,-2.046215682318277e-06,-2.046215682318237e-06,7.54943673413488,-2.3919506493229425e-06,
1.344265651726977e-11,2.5346255151505086e-17,-2.061518495602378e-14,-2.0615184956041503e-14,-2.3919506493229425e-06,9.563115702681841,

2.9000000000000004
1.4167743133919897,-1.4668372478346296e-06,-6.527579236799279e-15,-6.527579236830846e-15,4.426813414352277e-17,-2.8325049223955524e-11,
-1.4668372478346296e-06,3.4706732527431914,-1.5308495250564674e-06,-1.5308495250565005e-06,9.779490944913411e-15,-4.190406866759323e-17,
-6.52757923679928e-15,-1.5308495250564674e-06,5.499999998522864,-1.4771320580811944e-09,-1.3396043879171992e-06,-9.098904457353022e-15,
-6.527579236830846e-15,-1.5308495250565005e-06,-1.4771320580811944e-09,5.4999999985228625,-1.3396043879171717e-06,-9.098904457452508e-15,
4.4268134143522757e-17,9.77949094491353e-15,-1.3396043879171992e-06,-1.3396043879171717e-06,7.549436734135637,-1.5893676632866346e-06,
-2.8325049223955524e-11,-4.190406866759323e-17,-9.09890445735302e-15,-9.098904457452508e-15,-1.5893676632866346e-06,9.563115702683445,

3.0
1.4167743133915276,-9.696007772882849e-07,-3.2946271635387458e-15,-3.2946271619937167e-15,5.077498442115424e-17,-2.1475882259640854e-11,
-9.696007772882849e-07,3.470673252742624,-1.0212747075978578e-06,-1.0212747075958086e-06,4.9395442273594725e-15,-4.8927546617303423e-17,
-3.2946271630173064e-15,-1.0212747075978578e-06,5.499999998522992,-1.4770043004595843e-09,-8.869823540975418e-07,-4.607429174733737e-15,
-3.294627161993717e-15,-1.0212747075958086e-06,-1.4770043004595843e-09,5.49999999852299,-8.869823540952443e-07,-4.6074291732153404e-15,
5.077498442115444e-17,4.93954422735959e-15,-8.869823540975418e-07,-8.869823540952443e-07,7.549436734135849,-1.0665272182377316e-06,
-2.1475882259640854e-11,-4.8927546617303423e-17,-4.607429174733725e-15,-4.607429173215607e-15,-1.0665272182377316e-06,9.563115702684007,

3.1
1.4167743133913862,-6.455014790018632e-07,-1.678196389619781e-15,-1.6781963702675678e-15,-2.2488454582147963e-17,1.6687906565469215e-11,
-6.455014790018632e-07,3.470673252742427,-6.857104261492559e-07,-6.857104261221607e-07,2.5178647309527974e-15,2.0776233400802818e-17,
-1.678196383148892e-15,-6.857104261492559e-07,5.499999998523041,-1.4769552825351238e-09,-5.914105178150853e-07,-2.3545600236102773e-15,
-1.6781963702675688e-15,-6.857104261221607e-07,-1.4769552825351238e-09,5.499999998523039,-5.914105177852857e-07,-2.354560004097074e-15,
-2.2488454582148218e-17,2.517864730952837e-15,-5.914105178150853e-07,-5.914105177852857e-07,7.549436734135897,-7.199926997850785e-07,
1.6687906565469215e-11,2.0776233400802815e-17,-2.3545600236102686e-15,-2.3545600041002546e-15,-7.199926997850785e-07,9.563115702684199,

3.2
1.4167743133913242,-4.2909420043393273e-07,-7.17564926039176e-16,-7.175648874494406e-16,-1.62129743870125e-17,3.528608630104351e-12,
-4.2909420043393273e-07,3.470673252742338,-4.597940876725144e-07,-4.597940875957572e-07,1.0790018261821898e-15,1.561073471432307e-17,
-7.175649131499941e-16,-4.597940876725144e-07,5.499999998523064,-1.4769324845062424e-09,-3.9375696772804113e-07,-1.016970958021447e-15,
-7.175648874494412e-16,-4.597940875957572e-07,-1.4769324845062424e-09,5.499999998523062,-3.9375696764470294e-07,-1.016970918993007e-15,
-1.6212974387012857e-17,1.079001826182187e-15,-3.9375696772804113e-07,-3.9375696764470294e-07,7.549436734135916,-4.854569679085214e-07,
3.528608630104351e-12,1.5610734714323033e-17,-1.0169709580214446e-15,-1.0169709189976892e-15,-4.854569679085214e-07,9.563115702684287,

3.3000000000000003
1.4167743133912762,-2.8276972429783313e-07,-1.9359240656479733e-16,-1.9359232190327522e-16,4.6117568419155944e-17,-2.323256392726893e-11,
-2.8276972429783313e-07,3.4706732527422766,-3.0596969870504047e-07,-3.059696984814167e-07,2.935334190649406e-16,-4.33449061939376e-17,
-1.935923783607274e-16,-3.0596969870504047e-07,5.499999998523078,-1.4769183491546818e-09,-2.5994510707971944e-07,-2.846348914228216e-16,
-1.9359232190327468e-16,-3.059696984814167e-07,-1.4769183491546818e-09,5.4999999985230765,-2.5994510683984733e-07,-2.8463480557384945e-16,
4.611756841915655e-17,2.935334190649446e-16,-2.5994510707971944e-07,-2.5994510683984733e-07,7.549436734135937,-3.250380661690171e-07,
-2.323256392726893e-11,-4.3344906193937606e-17,-2.846348914228205e-16,-2.846348055793825e-16,-3.250380661690171e-07,9.563115702684348,

3.4000000000000004
1.4167743133912438,-1.8588794915883822e-07,-6.087020407429408e-17,-6.087011051826109e-17,4.4458173573991766e-17,-1.238091599025613e-11,
-1.8588794915883822e-07,3.470673252742238,-2.0319777909274104e-07,-2.0319777877692684e-07,9.281212613172936e-17,-4.239773784249394e-17,
-6.087017289709707e-17,-2.0319777909274104e-07,5.499999998523086,-1.4769099259400029e-09,-1.712022814602024e-07,-9.174199963028909e-17,
-6.087011051826084e-17,-2.0319777877692684e-07,-1.4769099259400029e-09,5.4999999985230845,-1.712022811238541e-07,-9.174190466878259e-17,
4.445817357399197e-17,9.28121261317442e-17,-1.712022814602024e-07,-1.712022811238541e-07,7.549436734135952,-2.172435559129603e-07,
-1.238091599025613e-11,-4.23977378424939e-17,-9.174199963028722e-17,-9.17419046722037e-17,-2.172435559129603e-07,9.563115702684387,

3.5
1.4167743133912254,-1.2274761674571295e-07,-7.629721183890339e-17,-7.629715305022175e-17,-2.245198436855611e-17,9.400339790689672e-12,
-1.2274761674571295e-07,3.470673252742216,-1.3547977580487794e-07,-1.3547977548932037e-07,1.1454099322555968e-16,2.0639810333728375e-17,
-7.629719226623257e-17,-1.3547977580487794e-07,5.499999998523091,-1.476905259879729e-09,-1.1324979091891173e-07,-1.0738724049910379e-16,
-7.629715305022189e-17,-1.3547977548932037e-07,-1.476905259879729e-09,5.499999998523089,-1.1324979058632882e-07,-1.0738718061085632e-16,
-2.245198436855577e-17,1.1454099322556828e-16,-1.1324979091891173e-07,-1.1324979058632882e-07,7.549436734135962,-1.457278601506234e-07,
9.400339790689672e-12,2.0639810333728396e-17,-1.0738724049910271e-16,-1.0738718061068917e-16,-1.457278601506234e-07,9.563115702684408,

3.6
1.416774313391215,-8.140571017132394e-08,-6.914441697359384e-17,-6.91443890459514e-17,-3.6840133030805046e-17,6.21358795917216e-12,
-8.140571017132394e-08,3.4706732527422037,-9.066544512314175e-08,-9.066544485275838e-08,1.0361699020185907e-16,3.4733880310492765e-17,
-6.914440772145625e-17,-9.066544512314175e-08,5.499999998523093,-1.4769026409588888e-09,-7.52304082804737e-08,-9.647832416045707e-17,
-6.914438904595153e-17,-9.066544485275838e-08,-1.4769026409588888e-09,5.499999998523092,-7.523040799916838e-08,-9.647829554223969e-17,
-3.68401330308038e-17,1.036169902018589e-16,-7.52304082804737e-08,-7.523040799916838e-08,7.549436734135967,-9.808433596107577e-08,
6.21358795917216e-12,3.473388031049276e-17,-9.647832416045702e-17,-9.647829554118008e-17,-9.808433596107577e-08,9.563115702684419,

3.7
1.4167743133912083,-5.414172640564369e-08,-3.6835688216537846e-17,-3.683566775283716e-17,7.981349180621385e-18,-4.413044289694983e-12,
-5.414172640564369e-08,3.470673252742196,-6.082271042817381e-08,-6.082271020436146e-08,5.538358583246909e-17,-7.105618958141048e-18,
-3.683568144474801e-17,-6.082271042817381e-08,5.499999998523094,-1.476900981327118e-09,-5.011298111187693e-08,-5.214762090520612e-17,
-3.683566775283722e-17,-6.082271020436146e-08,-1.476900981327118e-09,5.4999999985230925,-5.011298088167731e-08,-5.214760004681651e-17,
7.981349180622004e-18,5.538358583246662e-17,-5.011298111187693e-08,-5.011298088167731e-08,7.549436734135972,-6.616273996888367e-08,
-4.413044289694983e-12,-7.105618958141024e-18,-5.2147620905206386e-17,-5.214760004721199e-17,-6.616273996888367e-08,9.563115702684428,

3.8000000000000003
1.416774313391203,-3.595786326994653e-08,-9.410498811491795e-18,-9.410475017088742e-18,3.2581328447813277e-17,-5.5358969126239564e-12,
-3.595786326994653e-08,3.470673252742191,-4.075254165413031e-08,-4.075254146762376e-08,1.4327669492843183e-17,-3.04850738083467e-17,
-9.41049088840098e-18,-4.075254165413031e-08,5.499999998523095,-1.476899799739878e-09,-3.3335504849445736e-08,-1.4078742746912487e-17,
-9.410475017088686e-18,-4.075254146762376e-08,-1.476899799739878e-09,5.499999998523093,-3.333550465902053e-08,-1.4078718703246225e-17,
3.258132844781238e-17,1.4327669492842714e-17,-3.3335504849445736e-08,-3.333550465902053e-08,7.549436734135974,-4.457979390088505e-08,
-5.5358969126239564e-12,-3.04850738083467e-17,-1.407874274691256e-17,-1.4078718704762668e-17,-4.457979390088505e-08,9.563115702684433,

3.9000000000000004
1.4167743133911983,-2.376787694382085e-08,1.7550686227560648e-17,1.7550717816351345e-17,5.153459630574311e-17,-1.4183349231190714e-11,
-2.376787694382085e-08,3.4706732527421855,-2.7198437352042576e-08,-2.7198437188451086e-08,-2.5937232337131344e-17,-4.836166179831652e-17,
1.7550696772770983e-17,-2.7198437352042576e-08,5.499999998523096,-1.4768986838191384e-09,-2.2073430000716692e-08,2.2950565367595992e-17,
1.7550717816351493e-17,-2.7198437188451086e-08,-1.4768986838191384e-09,5.499999998523094,-2.2073429834213838e-08,2.2950597189836263e-17,
5.153459630574213e-17,-2.5937232337129677e-17,-2.2073430000716692e-08,-2.2073429834213838e-08,7.549436734135977,-2.993396862214502e-08,
-1.4183349231190714e-11,-4.836166179831651e-17,2.295056536759615e-17,2.2950597187411807e-17,-2.993396862214502e-08,9.563115702684438,

4.0
1.4167743133911943,-1.492430257723862e-08,3.8862733177509e-17,3.886276655679169e-17,5.710225816343526e-17,-2.250450889912285e-11,
-1.492430257723862e-08,3.470673252742181,-1.7362850790382765e-08,-1.7362850645508622e-08,-5.776474312169906e-17,-5.3493250597720107e-17,
3.886274432157515e-17,-1.7362850790382765e-08,5.499999998523097,-1.4768977023186125e-09,-1.39031852522508e-08,5.2232784407439875e-17,
3.8862766556791876e-17,-1.7362850645508622e-08,-1.4768977023186125e-09,5.499999998523095,-1.3903185104801151e-08,5.2232818053050904e-17,
5.710225816343536e-17,-5.776474312169608e-17,-1.39031852522508e-08,-1.3903185104801151e-08,7.549436734135979,-1.9300135836919567e-08,
-2.250450889912285e-11,-5.3493250597720144e-17,5.223278440744016e-17,5.2232818050681055e-17,-1.9300135836919567e-08,9.563115702684442,

4.1000000000000005
1.4167743133911954,-7.96428862102915e-09,9.090993736349237e-17,9.090996197494076e-17,1.0541053112214063e-16,-6.391297964920031e-12,
-7.96428862102915e-09,3.470673252742182,-9.694868942448813e-09,-9.694868854088215e-09,-1.357174383188415e-16,-9.942208513017962e-17,
9.090994562457854e-17,-9.694868942448813e-09,5.499999998523097,-1.4768977650021238e-09,-7.484949722016205e-09,1.2464658408985596e-16,
9.090996197494085e-17,-9.694868854088215e-09,-1.4768977650021238e-09,5.499999998523095,-7.484949632162289e-09,1.2464660884550856e-16,
1.054105311221391e-16,-1.3571743831883208e-16,-7.484949722016205e-09,-7.484949632162289e-09,7.549436734135978,-1.1052217615560002e-08,
-6.391297964920031e-12,-9.942208513017957e-17,1.2464658408985694e-16,1.246466088432838e-16,-1.1052217615560002e-08,9.563115702684442,

4.2
1.416774313391201,-2.7719752638704196e-09,1.265258427369809e-16,1.2652585096272966e-16,1.0882924023032897e-16,1.2400825100158643e-12,
-2.7719752638704196e-09,3.4706732527421873,-3.98804934886809e-09,-3.988049337291209e-09,-1.8914688837641305e-16,-1.0319336545766097e-16,
1.26525845533755e-16,-3.98804934886809e-09,5.499999998523096,-1.4768987521581764e-09,-2.6991583679017054e-09,1.7456464363029635e-16,
1.2652585096272966e-16,-3.988049337291209e-09,-1.4768987521581764e-09,5.499999998523094,-2.6991583564076424e-09,1.7456465186149978e-16,
1.0882924023032722e-16,-1.8914688837639946e-16,-2.6991583679017054e-09,-2.6991583564076424e-09,7.549436734135974,-4.920712419593469e-09,
1.2400825100158643e-12,-1.031933654576608e-16,1.7456464363029778e-16,1.7456465185964075e-16,-4.920712419593469e-09,9.563115702684437,

4.3
1.416774313391209,2.648949810689181e-10,9.318062932000343e-17,9.318062979244134e-17,-4.029883000063148e-17,-4.917790173372329e-11,
2.648949810689181e-10,3.4706732527421957,-5.710892889815466e-10,-5.710893388811719e-10,-1.393421270573627e-16,3.70919738259301e-17,
9.318062939197291e-17,-5.710892889815466e-10,5.499999998523094,-1.4769003607431782e-09,1.1221682717623534e-10,1.2877054191135201e-16,
9.318062979244142e-17,-5.710893388811719e-10,-1.4769003607431782e-09,5.4999999985230925,1.1221677662287217e-10,1.287705425150472e-16,
-4.0298830000626255e-17,-1.3934212705735548e-16,1.1221682717623534e-10,1.1221677662287217e-10,7.54943673413597,-1.1972151876651578e-09,
-4.917790173372329e-11,3.70919738259298e-17,1.287705419113529e-16,1.2877054251315667e-16,-1.1972151876651578e-09,9.563115702684428,

4.4
1.416774313391218,2.1576431452685548e-09,7.902600647864577e-17,7.902599159594073e-17,1.492554605076952e-17,-2.3041120961247325e-11,
2.1576431452685548e-09,3.4706732527422055,1.6030036262985907e-09,1.6030035194231407e-09,-1.1820847429714616e-16,-1.3719039002171842e-17,
7.902600142204702e-17,1.6030036262985907e-09,5.4999999985230925,-1.4769022391769344e-09,1.871293254851695e-09,1.0936051030323843e-16,
7.902599159594071e-17,1.6030035194231407e-09,-1.4769022391769344e-09,5.499999998523091,1.8712931464272368e-09,1.0936049542931497e-16,
1.4925546050772627e-17,-1.1820847429714118e-16,1.871293254851695e-09,1.8712931464272368e-09,7.5494367341359645,1.2007732236486549e-09,
-2.3041120961247325e-11,-1.371903900217204e-17,1.0936051030323887e-16,1.0936049542856575e-16,1.2007732236486549e-09,9.563115702684419,

4.5
1.416774313391226,2.561305791732901e-09,1.0032442796879935e-16,1.0032439078173535e-16,3.5538537886522407e-16,1.1093054433963442e-10,
2.561305791732901e-09,3.4706732527422144,2.2069273671735524e-09,2.2069272220440274e-09,-1.5003932480414158e-16,-3.3174888840755915e-16,
1.0032441568192588e-16,2.2069273671735524e-09,5.499999998523091,-1.4769039687828424e-09,2.2681191149190605e-09,1.3868178904342723e-16,
1.0032439078173497e-16,2.2069272220440274e-09,-1.4769039687828424e-09,5.499999998523089,2.2681189670722087e-09,1.3868175138410778e-16,
3.553853788652132e-16,-1.500393248041317e-16,2.2681191149190605e-09,2.2681189670722087e-09,7.54943673413596,1.9559537457570966e-09,
1.1093054433963442e-10,-3.3174888840755875e-16,1.3868178904342861e-16,1.3868175138604162e-16,1.9559537457570966e-09,9.56311570268441,

4.6000000000000005
1.416774313391232,2.2887586579906407e-09,4.4550601109055505e-17,4.4550570884897984e-17,-1.1030025210618613e-16,-2.312377357390708e-11,
2.2887586579906407e-09,3.470673252742221,2.0768021314602748e-09,2.0768019805418887e-09,-6.6736917236327e-17,1.0087609292440104e-16,
4.4550591059033004e-17,2.0768021314602748e-09,5.499999998523089,-1.476905266444367e-09,2.043111755495773e-09,6.205055371378058e-17,
4.455057088489776e-17,2.0768019805418887e-09,-1.476905266444367e-09,5.499999998523087,2.043111602110495e-09,6.205052307500095e-17,
-1.1030025210618544e-16,-6.673691723632402e-17,2.043111755495773e-09,2.043111602110495e-09,7.5494367341359565,1.9283965705176954e-09,
-2.312377357390708e-11,1.0087609292440094e-16,6.205055371378107e-17,6.20505230754509e-17,1.9283965705176954e-09,9.563115702684403,

4.7
1.4167743133912378,1.3120220673936595e-09,2.8576677284727755e-17,2.8576643813857853e-17,-1.5341166998981103e-16,-1.9904722378216938e-11,
1.3120220673936595e-09,3.470673252742227,1.2078602140299804e-09,1.2078600660788795e-09,-4.2859162788153236e-17,1.394857629276916e-16,
2.8576666258755065e-17,1.2078602140299804e-09,5.499999998523088,-1.4769065687001463e-09,1.1745561663511568e-09,3.9998690253218414e-17,
2.8576643813857447e-17,1.2078600660788795e-09,-1.4769065687001463e-09,5.499999998523086,1.1745560156583227e-09,3.9998656110369757e-17,
-1.5341166998981093e-16,-4.285916278815033e-17,1.1745561663511568e-09,1.1745560156583227e-09,7.549436734135953,1.1296499334119798e-09,
-1.9904722378216938e-11,1.3948576292768754e-16,3.999869025321891e-17,3.9998656111448734e-17,1.1296499334119798e-09,9.563115702684396,

4.800000000000001
1.416774313391245,-7.1892641116309e-11,9.575374265990008e-17,9.575367988616912e-17,7.15590858113108e-16,2.7313295037055233e-10,
-7.1892641116309e-11,3.470673252742235,-9.467147714963386e-11,-9.467163031407724e-11,-1.431509295571438e-16,-6.713041869721462e-16,
9.575372230526997e-17,-9.467147714963386e-11,5.499999998523086,-1.476908171291016e-09,-6.71020696640977e-11,1.320657892723332e-16,
9.575367988616854e-17,-9.467163031407724e-11,-1.476908171291016e-09,5.4999999985230845,-6.710222716610622e-11,1.3206572499719513e-16,
7.155908581130777e-16,-1.4315092955712858e-16,-6.71020696640977e-11,-6.710222716610622e-11,7.549436734135949,-1.2612462754463566e-10,
2.7313295037055233e-10,-6.713041869721405e-16,1.320657892723359e-16,1.3206572500345957e-16,-1.2612462754463566e-10,9.563115702684389,

4.9
1.4167743133912503,-1.1303252400862289e-09,1.2640652156543644e-16,1.2640645037949896e-16,1.1012820307556886e-15,3.8285987444703144e-10,
-1.1303252400862289e-09,3.4706732527422406,-1.109691080526363e-09,-1.109691223234716e-09,-1.8891954201882488e-16,-1.0312860850253186e-15,
1.264064985996907e-16,-1.109691080526363e-09,5.499999998523085,-1.4769093454361168e-09,-1.0197995389450365e-09,1.7409859864295657e-16,
1.2640645037949869e-16,-1.109691223234716e-09,-1.4769093454361168e-09,5.499999998523084,-1.0197996866581022e-09,1.740985256106573e-16,
1.1012820307556464e-15,-1.8891954201880447e-16,-1.0197995389450365e-09,-1.0197996866581022e-09,7.549436734135946,-1.1179467934088097e-09,
